0.0 1
0.011111111111111112 2
0.022222222222222223 0
0.03333333333333333 2
0.044444444444444446 1
0.05555555555555556 0
0.06666666666666667 2
0.07777777777777778 1
0.08888888888888889 2
0.1 1
0.11111111111111112 1
0.12222222222222223 2
0.13333333333333333 1
0.14444444444444446 0
0.15555555555555556 0
0.16666666666666669 1
0.17777777777777778 0
0.18888888888888888 0
0.2 0
0.2111111111111111 1
0.22222222222222224 1
0.23333333333333334 0
0.24444444444444446 0
0.2555555555555556 2
0.26666666666666666 1
0.2777777777777778 1
0.2888888888888889 1
0.3 2
0.3111111111111111 2
0.32222222222222224 1
0.33333333333333337 1
0.34444444444444444 0
0.35555555555555557 0
0.3666666666666667 1
0.37777777777777777 0
0.3888888888888889 0
0.4 1
0.41111111111111115 3
0.4222222222222222 1
0.43333333333333335 2
0.4444444444444445 2
0.45555555555555555 1
0.4666666666666667 3
0.4777777777777778 0
0.48888888888888893 2
0.5 0
0.5111111111111112 2
0.5222222222222223 1
0.5333333333333333 0
0.5444444444444445 2
0.5555555555555556 1
0.5666666666666667 0
0.5777777777777778 0
0.5888888888888889 1
0.6 0
0.6111111111111112 0
0.6222222222222222 0
0.6333333333333333 1
0.6444444444444445 0
0.6555555555555556 0
0.6666666666666667 0
0.6777777777777778 0
0.6888888888888889 1
0.7000000000000001 1
0.7111111111111111 0
0.7222222222222222 0
0.7333333333333334 0
0.7444444444444445 0
0.7555555555555555 1
0.7666666666666667 1
0.7777777777777778 0
0.788888888888889 1
0.8 1
0.8111111111111111 0
0.8222222222222223 1
0.8333333333333334 0
0.8444444444444444 0
0.8555555555555556 0
0.8666666666666667 2
0.8777777777777778 0
0.888888888888889 1
0.9 2
0.9111111111111111 1
0.9222222222222223 3
0.9333333333333333 1
0.9444444444444445 0
0.9555555555555556 1
0.9666666666666667 3
0.9777777777777779 0
0.9888888888888889 2
1.0 2
1.011111111111111 2
1.0222222222222224 2
1.0333333333333334 2
1.0444444444444445 1
1.0555555555555556 1
1.0666666666666667 0
1.0777777777777777 0
1.088888888888889 1
1.1 0
1.1111111111111112 0
1.1222222222222222 2
1.1333333333333333 3
1.1444444444444446 1
1.1555555555555557 1
1.1666666666666667 2
1.1777777777777778 0
1.1888888888888889 0
1.2 1
1.2111111111111112 1
1.2222222222222223 0
1.2333333333333334 2
1.2444444444444445 0
1.2555555555555555 2
1.2666666666666666 1
1.277777777777778 0
1.288888888888889 0
1.3 1
1.3111111111111111 0
1.3222222222222222 2
1.3333333333333335 2
1.3444444444444446 0
1.3555555555555556 0
1.3666666666666667 1
1.3777777777777778 2
1.3888888888888888 0
1.4000000000000001 0
1.4111111111111112 1
1.4222222222222223 1
1.4333333333333333 0
1.4444444444444444 2
1.4555555555555557 0
1.4666666666666668 0
1.4777777777777779 0
1.488888888888889 0
1.5 1
1.511111111111111 3
1.5222222222222224 1
1.5333333333333334 1
1.5444444444444445 2
1.5555555555555556 2
1.5666666666666667 0
1.577777777777778 1
1.588888888888889 2
1.6 1
1.6111111111111112 0
1.6222222222222222 0
1.6333333333333333 0
1.6444444444444446 4
1.6555555555555557 0
1.6666666666666667 0
1.6777777777777778 0
1.6888888888888889 4
1.7 0
1.7111111111111112 3
1.7222222222222223 0
1.7333333333333334 1
1.7444444444444445 0
1.7555555555555555 1
1.7666666666666668 1
1.777777777777778 2
1.788888888888889 1
1.8 2
1.8111111111111111 1
1.8222222222222222 3
1.8333333333333335 0
1.8444444444444446 0
1.8555555555555556 2
1.8666666666666667 0
1.8777777777777778 2
1.888888888888889 1
1.9000000000000001 0
1.9111111111111112 1
1.9222222222222223 2
1.9333333333333333 1
1.9444444444444444 0
1.9555555555555557 0
1.9666666666666668 1
1.9777777777777779 2
1.988888888888889 0
2.0 1
2.011111111111111 1
2.022222222222222 0
2.033333333333333 2
2.0444444444444447 4
2.055555555555556 1
2.066666666666667 1
2.077777777777778 1
2.088888888888889 1
2.1 2
2.111111111111111 0
2.1222222222222222 0
2.1333333333333333 1
2.1444444444444444 1
2.1555555555555554 3
2.166666666666667 0
2.177777777777778 0
2.188888888888889 0
2.2 0
2.2111111111111112 1
2.2222222222222223 3
2.2333333333333334 1
2.2444444444444445 2
2.2555555555555555 0
2.2666666666666666 3
2.2777777777777777 1
2.288888888888889 1
2.3000000000000003 0
2.3111111111111113 1
2.3222222222222224 1
2.3333333333333335 0
2.3444444444444446 2
2.3555555555555556 2
2.3666666666666667 0
2.3777777777777778 1
2.388888888888889 1
2.4 1
2.411111111111111 1
2.4222222222222225 2
2.4333333333333336 2
2.4444444444444446 1
2.4555555555555557 1
2.466666666666667 1
2.477777777777778 0
2.488888888888889 1
2.5 1
2.511111111111111 0
2.522222222222222 1
2.533333333333333 2
2.5444444444444447 1
2.555555555555556 0
2.566666666666667 2
2.577777777777778 2
2.588888888888889 0
2.6 0
2.611111111111111 1
2.6222222222222222 0
2.6333333333333333 1
2.6444444444444444 0
2.6555555555555554 0
2.666666666666667 0
2.677777777777778 1
2.688888888888889 2
2.7 1
2.7111111111111112 0
2.7222222222222223 1
2.7333333333333334 1
2.7444444444444445 0
2.7555555555555555 1
2.7666666666666666 1
2.7777777777777777 1
2.788888888888889 2
2.8000000000000003 2
2.8111111111111113 0
2.8222222222222224 0
2.8333333333333335 0
2.8444444444444446 0
2.8555555555555556 0
2.8666666666666667 2
2.8777777777777778 0
2.888888888888889 0
2.9 1
2.9111111111111114 1
2.9222222222222225 1
2.9333333333333336 1
2.9444444444444446 1
2.9555555555555557 1
2.966666666666667 0
2.977777777777778 0
2.988888888888889 0
